36.
42.
33.
39.
43.
34.
37.
41.
27.
30.
26.
35.
39.
31.
27.
35.
27.
35.
40.
41.
38.
38.
39.
42.
46.
56.
53.
54.
53.
38.
53.
59.
50.
38.
44.
43.
47.
54.
56.
56.
57.
58.
52.
52.
47.
44.
49.
37.
32.
35.
56.
58.
52.
54.
58.
43.
51.
40.
52.
46.
54.
56.
55.
46.
47.
43.
52.
40.
36.
47.
51.
39.
34.
48.
41.
48.
37.
43.
45.
50.
52.
45.
53.
35.
46.
41.
35.
43.
36.
56.
52.
49.
46.
47.
57.
61.
46.
54.
57.
49.
44.
44.
31.
42.
41.
41.
49.
38.
39.
43.
54.
53.
56.
46.
44.
55.
50.
36.
35.
56.
46.
52.
48.
51.
47.
50.
28.
49.
49.
46.
47.
47.
50.
48.
50.
58.
60.
55.
32.
52.
54.
29.
55.
59.
60.
49.
39.
65.
49.
62.
54.
63.
54.
54.
58.
60.
59.
62.
57.
59.
57.
47.
62.
59.
58.
65.
62.
58.
65.
58.
45.
54.
47.
54.
54.
47.
60.
64.
64.
66.
60.
43.
36.
49.
42.
55.
54.
52.
48.
54.
59.
55.
55.
48.
59.
53.
59.
56.
51.
49.
51.
46.
45.
41.
51.
46.
48.
38.
55.
56.
52.
49.
55.
49.
52.
53.
55.
52.
53.
52.
46.
55.
54.
50.
50.
62.
51.
51.
53.
57.
55.
54.
58.
58.
57.
53.
53.
48.
47.
56.
56.
37.
46.
49.
53.
49.
41.
35.
50.
46.
42.
59.
32.
59.
50.
56.
59.
50.
56.
48.
51.
60.
55.
43.
55.
55.
59.
51.
49.
57.
39.
55.
53.
35.
41.
50.
53.
46.
52.
46.
49.
42.
42.
42.
39.
31.
45.
42.
41.
41.
42.
43.
36.
42.
36.
39.
47.
46.
35.
43.
42.
39.
43.
29.
47.
46.
50.
32.
52.
58.
54.
51.
54.
53.
49.
55.
57.
26.
53.
47.
42.
45.
31.
39.
27.
33.
40.
26.
28.
34.
44.
45.
55.
45.
41.
33.
39.
44.
53.
58.
59.
55.
50.
53.
55.
54.
53.
37.
52.
47.
46.
41.
40.
48.
45.
40.
47.
45.
39.
55.
56.
51.
44.
52.
39.
60.
49.
46.
57.
49.
56.
56.
35.
35.
37.
35.
50.
44.
45.
45.
40.
38.
35.
43.
32.
35.
36.
36.
47.
34.
34.
28.
44.
43.
36.
44.
44.
42.
36.
36.
44.
48.
45.
55.
48.
35.
35.
55.
32.
47.
51.
31.
34.
40.
37.
29.
41.
43.
42.
43.
43.
54.
46.
48.
44.
48.
48.
41.
38.
52.
47.
51.
45.
41.
47.
53.
49.
33.
43.
38.
42.
43.
41.
37.
49.
45.
43.
58.
42.
49.
48.
49.
53.
45.
51.
53.
45.
41.
44.
44.
43.
50.
43.
40.
42.
35.
33.
46.
41.
38.
33.
37.
48.
49.
34.
54.
53.
52.
30.
44.
56.
59.
41.
47.
53.
45.
57.
45.
55.
43.
52.
31.
59.
60.
50.
57.
54.
60.
61.
52.
55.
47.
59.
62.
61.
58.
51.
56.
68.
63.
61.
56.
49.
49.
54.
47.
55.
39.
47.
49.
40.
49.
46.
31.
51.
33.
33.
38.
46.
37.
40.
35.
30.
36.
41.
30.
36.
36.
31.
42.
26.
41.
37.
38.
36.
40.
44.
35.
42.
58.
58.
64.
50.
56.
39.
64.
47.
63.
60.
58.
58.
33.
54.
60.
42.
49.
32.
44.
29.
41.
30.
33.
27.
41.
40.
56.
45.
54.
55.
48.
48.
52.
53.
50.
53.
49.
51.
51.
50.
52.
63.
52.
54.
32.
58.
57.
44.
55.
47.
43.
41.
50.
42.
44.
41.
48.
55.
50.
39.
46.
40.
47.
35.
46.
39.
34.
39.
49.
41.
50.
48.
48.
43.
42.
48.
38.
47.
48.
47.
42.
46.
47.
52.
43.
46.
50.
51.
43.
46.
45.
44.
49.
44.
42.
38.
47.
50.
56.
28.
56.
48.
58.
48.
39.
41.
54.
41.
52.
50.
36.
49.
49.
55.
54.
49.
50.
35.
56.
38.
55.
52.
46.
55.
50.
54.
64.
55.
55.
57.
60.
34.
57.
49.
55.
50.
62.
57.
47.
52.
51.
51.
51.
49.
50.
54.
44.
53.
61.
46.
52.
55.
57.
46.
55.
53.
56.
52.
58.
51.
41.
48.
56.
52.
27.
61.
65.
48.
58.
56.
51.
59.
50.
54.
44.
57.
51.
52.
44.
53.
40.
49.
57.
52.
55.
50.
45.
59.
42.
48.
41.
49.
42.
39.
38.
45.
53.
56.
49.
51.
39.
47.
52.
36.
47.
55.
42.
57.
60.
36.
49.
61.
56.
53.
39.
57.
46.
53.
56.
53.
54.
46.
35.
50.
53.
53.
55.
51.
57.
63.
54.
49.
51.
50.
55.
64.
55.
64.
61.
65.
61.
43.
63.
45.
63.
55.
53.
42.
48.
29.
51.
46.
49.
47.
53.
55.
52.
50.
48.
53.
57.
59.
56.
58.
60.
44.
39.
52.
56.
60.
54.
60.
56.
58.
55.
54.
53.
49.
54.
56.
50.
49.
45.
61.
53.
56.
36.
50.
41.
47.
47.
43.
55.
39.
43.
52.
50.
46.
33.
44.
40.
47.
35.
46.
38.
45.
48.
49.
38.
48.
44.
44.
41.
43.
41.
39.
42.
37.
41.
43.
45.
50.
39.
47.
48.
45.
49.
46.
46.
44.
47.
45.
47.
42.
45.
44.
46.
45.
34.
31.
45.
27.
28.
44.
39.
51.
39.
44.
43.
53.
55.
40.
49.
51.
59.
42.
51.
50.
53.
48.
45.
44.
45.
46.
46.
45.
33.
44.
52.
48.
28.
49.
46.
40.
54.
53.
45.
33.
59.
53.
51.
45.
26.
44.
35.
44.
46.
43.
28.
45.
44.
33.
34.
32.
28.
49.
46.
30.
38.
47.
44.
49.
35.
45.
48.
40.
37.
34.
30.
37.
37.
48.
27.
36.
44.
47.
31.
26.
28.
49.
43.
50.
35.
33.
40.
51.
49.
43.
31.
46.
37.
37.
42.
41.
38.
38.
34.
38.
49.
40.
48.
48.
37.
40.
41.
39.
40.
42.
40.
43.
48.
42.
38.
41.
41.
33.
47.
50.
35.
51.
38.
47.
38.
47.
51.
39.
49.
43.
50.
37.
55.
52.
50.
41.
43.
50.
50.
43.
40.
47.
55.
48.
45.
45.
51.
57.
45.
41.
46.
42.
40.
48.
36.
39.
42.
26.
49.
45.
52.
47.
46.
58.
52.
51.
49.
34.
60.
39.
58.
62.
51.
33.
54.
47.
34.
45.
46.
43.
50.
45.
60.
58.
61.
45.
54.
60.
57.
56.
58.
42.
59.
52.
60.
55.
54.
65.
57.
59.
55.
57.
45.
48.
66.
56.
63.
63.
59.
64.
45.
43.
38.
53.
53.
55.
48.
50.
49.
49.
45.
47.
37.
46.
51.
45.
36.
45.
36.
41.
51.
43.
35.
38.
29.
29.
39.
27.
39.
40.
32.
38.
28.
41.
44.
46.
34.
59.
59.
41.
52.
55.
43.
49.
54.
50.
47.
43.
46.
52.
48.
43.
55.
61.
49.
44.
37.
48.
62.
40.
40.
40.
53.
43.
37.
49.
54.
44.
34.
42.
44.
43.
39.
46.
41.
50.
39.
33.
53.
43.
51.
53.
46.
48.
56.
52.
49.
46.
43.
46.
50.
41.
52.
42.
42.
52.
51.
55.
42.
46.
53.
55.
51.
48.
57.
31.
33.
57.
46.
58.
62.
31.
48.
44.
57.
57.
47.
53.
55.
46.
55.
62.
60.
63.
61.
47.
63.
55.
60.
72.
37.
67.
32.
73.
63.
77.
27.
35.
55.
45.
58.
43.
55.
59.
59.
48.
48.
56.
57.
46.
52.
54.
57.
44.
51.
57.
53.
59.
61.
59.
30.
64.
59.
66.
56.
47.
60.
62.
59.
58.
49.
56.
51.
46.
53.
33.
41.
54.
46.
64.
57.
57.
62.
26.
61.
65.
57.
53.
54.
52.
53.
47.
58.
60.
47.
64.
34.
53.
52.
50.
56.
60.
38.
60.
42.
31.
48.
43.
49.
37.
40.
49.
39.
47.
44.
37.
46.
44.
46.
44.
45.
49.
47.
49.
52.
62.
52.
49.
38.
44.
35.
44.
38.
39.
45.
48.
57.
52.
53.
54.
53.
54.
53.
40.
43.
44.
33.
49.
43.
52.
42.
46.
42.
45.
42.
48.
45.
49.
48.
43.
40.
52.
39.
53.
53.
48.
42.
44.
46.
50.
44.
34.
43.
49.
44.
56.
50.
46.
48.
50.
39.
49.
43.
44.
45.
44.
39.
43.
48.
38.
45.
48.
53.
42.
52.
48.
57.
39.
43.
60.
57.
54.
50.
55.
55.
34.
65.
52.
51.
53.
51.
49.
46.
52.
55.
50.
52.
59.
57.
40.
54.
46.
46.
54.
52.
51.
52.
37.
41.
50.
37.
40.

