
18.25
19.75
16.5
18.25
19.5
16.25
17.25
19.
16.25
17.5
15.5
19.75
22.
18.25
18.25
20.5
16.
18.
20.25
19.75
19.
19.75
17.5
21.
21.75
23.
22.25
23.
23.
19.
23.25
24.
22.
19.
19.75
22.25
21.75
23.25
24.25
23.25
24.25
24.5
23.
22.5
21.25
19.75
22.5
18.75
12.5
18.
23.5
24.
23.75
23.75
23.25
21.25
23.25
20.5
23.25
22.25
23.75
24.75
24.25
21.25
20.75
19.75
22.25
20.25
18.75
21.25
22.
19.75
16.25
21.
18.75
21.75
19.25
19.75
21.25
22.
21.75
20.25
23.25
18.25
22.75
20.75
18.5
21.75
19.75
23.75
23.25
22.5
22.25
22.25
23.5
24.25
21.25
22.5
23.
21.75
21.25
22.
15.75
21.5
21.75
21.25
23.
20.75
21.
22.25
22.25
22.75
23.25
21.25
21.75
22.75
22.25
19.
19.25
23.75
22.5
23.25
22.75
23.25
23.25
22.75
15.25
23.
22.75
22.75
23.25
23.
23.25
23.75
23.
24.75
25.25
23.75
16.75
22.75
24.25
15.25
23.25
23.25
24.5
23.25
20.75
25.25
22.25
23.75
23.75
24.25
23.75
23.75
22.25
24.75
25.25
24.25
24.75
24.75
22.25
22.25
25.
22.5
24.
25.25
24.25
24.75
25.75
23.75
22.5
23.5
20.75
23.75
23.25
22.
23.25
25.75
25.
26.
26.
23.
20.25
23.75
23.
24.25
24.75
24.75
24.25
22.5
23.25
21.75
22.25
21.25
23.25
21.75
23.5
22.5
22.25
22.75
22.25
22.25
22.75
21.25
22.75
22.25
22.75
18.75
23.25
23.5
22.25
22.75
23.75
21.75
23.
23.25
22.25
21.75
21.75
22.25
21.5
22.
22.25
22.25
23.
24.75
23.
23.5
23.75
25.25
24.
24.25
24.75
23.
23.75
22.
22.
22.25
22.25
23.25
23.25
19.25
23.25
23.25
23.25
23.75
21.75
20.75
23.25
23.
19.5
23.
19.
22.
21.75
22.25
23.25
22.75
23.25
21.5
22.5
23.25
22.25
21.25
25.5
24.25
24.75
23.75
23.25
23.25
18.25
23.25
23.25
17.75
17.75
20.25
20.75
18.5
20.
20.25
23.25
20.75
20.75
20.5
19.25
14.75
20.75
19.75
20.
19.75
19.75
19.75
18.5
19.5
18.75
19.75
21.25
21.
18.5
20.75
20.
19.25
19.5
14.5
20.
21.5
22.25
16.
21.25
22.25
22.5
21.5
22.75
21.25
20.5
22.25
21.25
11.25
20.5
19.25
17.75
19.5
13.75
16.75
14.
16.5
19.5
14.
15.
16.75
19.75
20.75
21.
20.5
19.75
15.25
18.5
20.
21.5
22.75
23.
22.25
21.75
22.25
22.
22.5
21.75
19.
21.75
20.75
22.
20.25
19.75
22.
20.25
19.25
22.25
21.25
19.75
22.5
22.75
21.75
20.75
23.75
20.25
22.75
21.75
19.
21.
19.75
21.25
22.
16.25
17.5
18.25
18.
22.
20.75
21.25
21.25
21.5
20.75
16.75
19.25
15.75
17.25
17.25
18.25
20.75
16.75
17.5
15.25
20.75
19.75
17.25
21.25
21.5
20.75
18.75
19.25
20.75
20.75
20.75
23.5
23.25
18.
16.5
24.75
17.75
23.75
24.25
17.25
17.
19.5
18.
15.75
19.25
19.75
18.5
19.
20.25
22.75
21.75
20.75
20.75
21.5
22.
21.
16.25
22.
21.
21.5
21.
18.
20.5
21.25
20.5
17.25
19.25
18.75
20.
21.
19.
19.
21.
20.25
20.
21.75
19.5
20.5
19.75
20.75
20.75
19.
20.
19.75
18.75
19.25
20.5
19.25
19.25
19.75
19.75
19.25
20.5
18.25
17.
21.
20.
17.75
15.75
18.75
23.25
23.25
19.75
23.75
24.75
23.5
15.25
20.25
22.75
23.25
20.25
20.5
21.75
21.25
23.25
19.75
23.25
19.5
22.75
15.
23.75
23.
21.75
23.25
22.75
24.25
24.75
22.75
24.
21.75
23.75
25.
24.25
23.25
22.25
23.5
26.
25.25
24.75
21.75
21.75
21.75
21.75
21.5
22.25
19.5
21.25
22.
17.25
19.
18.25
14.25
19.
15.
15.
17.
18.5
16.5
17.
16.
13.5
20.5
21.
17.75
18.25
18.5
16.5
21.
16.
20.75
18.75
19.25
16.75
19.
20.75
18.25
20.
23.
23.
24.5
20.75
23.5
16.
24.
21.75
23.5
24.25
23.25
22.75
16.
22.75
24.25
20.75
22.25
16.75
21.75
15.25
20.
16.75
17.75
12.75
20.5
19.25
23.5
20.75
22.25
22.5
21.75
20.75
22.25
23.75
22.75
23.25
22.75
22.25
22.25
22.75
21.75
23.25
21.
21.75
15.5
22.5
22.75
19.25
22.5
19.5
21.25
19.75
21.75
20.25
20.75
18.25
21.5
22.75
21.75
18.
21.25
18.75
21.25
15.75
19.5
19.25
18.
18.5
22.75
21.75
22.
21.5
22.
20.25
20.75
21.25
19.5
22.25
21.
22.
20.5
20.75
20.5
21.5
21.25
19.75
21.75
21.75
18.5
21.25
21.25
23.
22.75
22.
22.
20.5
22.75
22.75
23.75
13.75
23.25
22.75
22.25
22.25
20.75
19.75
22.25
20.
22.5
22.
17.75
22.75
23.25
22.25
23.75
23.75
22.5
17.75
24.
18.5
23.25
23.5
21.5
23.5
23.
22.75
24.75
23.25
23.75
23.75
24.5
18.5
21.5
21.25
23.
21.
23.75
23.
21.25
20.
22.25
22.25
23.25
22.75
22.25
23.75
22.25
23.5
24.75
21.75
22.5
21.5
23.25
21.
23.5
22.25
22.75
22.5
22.75
20.75
19.25
21.75
23.5
22.25
12.75
25.25
25.25
21.25
23.25
23.75
20.75
24.25
22.75
24.75
22.
24.75
24.25
24.75
21.75
23.75
21.25
21.25
24.25
22.25
23.
22.5
19.75
23.25
21.
23.
20.
23.
22.5
20.25
20.
22.
22.
22.5
22.25
22.25
20.25
21.
22.75
19.75
21.75
23.25
21.5
24.
23.75
18.75
22.
24.5
24.5
21.5
19.5
22.5
20.25
21.25
21.75
21.
22.
20.5
18.25
23.75
23.25
23.75
24.25
23.75
23.25
24.5
23.25
22.25
22.75
22.75
23.25
24.25
23.75
24.
23.5
24.75
24.25
19.5
24.5
20.
24.
24.25
23.75
21.
23.
16.25
23.25
22.5
23.75
21.
22.5
23.75
21.5
22.
22.
21.75
22.25
23.75
22.25
23.75
23.25
20.25
18.5
21.25
22.5
23.75
23.
23.75
23.75
24.75
22.75
22.5
22.75
22.
22.5
23.25
22.
21.5
21.75
21.5
20.
20.25
16.
19.5
19.25
19.5
19.25
21.25
22.75
21.75
21.25
23.25
23.
23.75
15.75
19.75
19.25
20.5
17.
21.
20.
20.
21.75
21.5
19.75
21.25
20.75
21.
20.25
21.5
20.25
19.5
20.
19.
18.75
20.75
20.5
20.75
19.5
19.75
20.75
20.5
20.5
20.25
20.75
20.25
20.25
20.5
20.25
20.
20.25
20.
19.75
20.5
16.5
16.
19.25
12.75
15.
19.
18.25
20.25
18.75
19.5
18.75
23.5
23.
20.5
22.25
22.25
23.75
21.25
22.25
21.75
21.75
21.25
21.25
20.25
20.
21.25
21.
19.75
19.75
21.5
23.5
22.75
15.5
22.25
21.5
19.25
23.
22.25
21.25
18.
23.75
22.75
22.25
20.25
11.5
21.5
20.75
21.75
21.25
21.75
16.
21.5
21.75
16.
16.75
16.
14.5
20.25
19.75
14.75
18.
20.
17.5
20.75
17.5
19.
20.
18.5
17.75
16.25
15.25
18.25
17.
19.75
13.5
20.
21.
21.5
17.
13.5
13.75
20.75
22.75
24.25
18.25
19.25
21.25
23.75
23.25
21.5
14.5
19.75
17.25
16.25
18.5
17.25
16.25
17.75
16.
18.75
21.
19.
21.
21.
18.
18.5
19.5
18.25
20.25
20.5
20.25
21.25
22.75
21.5
19.25
21.25
20.25
14.5
19.25
19.5
17.
19.5
17.5
21.5
19.25
20.75
21.75
20.5
21.75
21.
22.25
19.75
21.25
20.75
20.
19.25
18.5
20.5
20.
19.5
18.5
19.5
20.75
19.
19.5
19.5
20.5
21.25
19.5
18.5
20.
19.
18.
20.25
17.5
17.5
19.25
13.
23.5
21.75
24.5
23.75
22.75
25.5
23.75
23.75
22.
17.
22.25
20.
23.25
22.5
21.25
16.75
22.75
22.
17.75
21.
21.25
20.25
22.25
20.75
24.75
23.75
23.25
20.5
22.75
24.25
21.75
25.25
24.25
17.75
24.25
21.75
24.25
23.
22.75
25.25
23.75
24.75
23.
24.5
22.75
22.25
25.25
23.75
24.25
22.75
22.25
24.5
21.25
21.25
20.5
22.
20.75
21.5
20.5
20.5
19.75
19.5
21.75
19.75
18.
20.
20.
19.
17.75
19.5
17.25
18.75
20.75
19.
20.75
22.
16.75
17.5
21.25
15.25
21.25
21.75
18.25
22.5
14.
21.5
23.25
23.75
18.
23.75
24.75
19.5
22.25
24.25
21.
21.5
23.75
22.75
21.75
21.75
22.25
23.5
23.25
22.5
23.5
25.5
23.75
20.75
20.25
21.25
24.75
19.25
20.
19.5
22.25
19.75
19.25
21.75
22.75
20.25
20.5
21.25
21.75
21.5
20.25
22.25
19.25
22.25
20.75
18.25
22.75
21.25
20.
24.25
22.5
22.75
24.25
23.75
22.5
21.75
22.
22.5
23.25
21.5
23.
21.25
21.
22.75
21.75
22.75
21.
21.75
23.25
23.
22.25
21.25
24.
15.75
15.75
23.75
21.25
23.75
25.5
17.
21.5
21.75
25.25
24.75
22.75
24.25
24.25
23.
25.25
25.25
24.75
24.75
25.25
20.75
25.75
23.25
23.75
27.
17.75
25.75
16.25
26.75
24.25
27.75
12.5
19.75
25.75
24.25
25.5
22.25
24.75
26.
25.5
21.75
21.75
23.25
23.25
21.5
22.25
22.75
24.25
22.25
23.
23.25
23.25
24.25
24.25
24.25
15.
25.25
25.5
25.25
24.25
22.5
25.
25.25
24.25
24.25
21.75
24.
22.75
20.
23.25
16.5
21.
23.75
22.
25.
24.75
24.75
25.25
14.25
25.
25.25
23.75
23.25
22.75
22.25
23.
22.75
24.25
24.25
22.5
26.5
17.5
25.75
24.25
24.5
24.25
25.
19.5
24.75
18.5
16.75
22.
19.25
21.5
18.75
17.75
21.
19.25
20.75
20.
19.5
20.75
20.
21.25
20.5
20.5
21.75
21.25
21.75
22.
23.75
22.25
21.5
17.25
20.
16.25
19.75
19.75
18.25
20.5
20.25
23.25
21.5
22.75
22.75
22.75
21.75
22.25
21.75
21.25
22.75
17.
23.25
22.5
23.5
20.5
22.
21.5
22.25
21.75
23.
22.25
22.25
22.75
18.5
18.25
21.
18.75
21.75
23.
21.75
20.75
20.75
22.
21.75
20.25
17.
20.75
22.25
21.25
23.
22.5
21.25
21.75
22.75
20.
22.25
18.75
18.5
18.25
18.25
20.5
18.
20.75
18.75
19.
20.25
22.5
19.
21.
20.75
22.
18.25
20.5
23.
23.75
22.5
22.25
23.
23.75
16.75
24.75
22.25
22.25
22.75
21.75
22.
22.
22.
23.25
22.75
22.25
22.75
22.75
21.5
22.75
21.25
22.75
22.5
22.25
21.25
20.25
16.5
17.
20.25
20.25
19.75
